time	V(boot0_mos)	V(boot0_mos_adapted)	V(nrst_mos)	V(nrst_mos_adapted)
0.000000000000000e+000	1.963824e-008	2.142422e-008	3.300000e+000	3.280000e+000
1.021499999999998e+000	1.963824e-008	2.142422e-008	3.300000e+000	3.280000e+000
2.045499999999886e+000	1.963824e-008	2.142422e-008	3.300000e+000	3.280000e+000
2.835000000000000e+000	1.963824e-008	2.142422e-008	3.300000e+000	3.280000e+000
2.835000000598485e+000	1.963824e-008	2.142422e-008	3.300000e+000	3.280000e+000
2.835000000598768e+000	1.963847e-008	2.142454e-008	3.300000e+000	3.280000e+000
2.835000000599062e+000	1.963874e-008	2.142494e-008	3.300000e+000	3.280000e+000
2.835000000599386e+000	1.963905e-008	2.142539e-008	3.300000e+000	3.280000e+000
2.835000000599827e+000	1.963949e-008	2.142602e-008	3.300000e+000	3.280000e+000
2.835000000600500e+000	1.964016e-008	2.142699e-008	3.300000e+000	3.280000e+000
2.835000000601633e+000	1.964129e-008	2.142862e-008	3.300000e+000	3.280000e+000
2.835000000603096e+000	1.964276e-008	2.143073e-008	3.300000e+000	3.280000e+000
2.835000000605012e+000	1.964467e-008	2.143349e-008	3.300000e+000	3.280000e+000
2.835000000607342e+000	1.964700e-008	2.143685e-008	3.300000e+000	3.280000e+000
2.835000000610276e+000	1.964994e-008	2.144108e-008	3.300000e+000	3.280000e+000
2.835000000613666e+000	1.965332e-008	2.144597e-008	3.300000e+000	3.280000e+000
2.835000000618013e+000	1.965767e-008	2.145224e-008	3.300000e+000	3.280000e+000
2.835000000623299e+000	1.966296e-008	2.145986e-008	3.300000e+000	3.280000e+000
2.835000000630214e+000	1.966987e-008	2.146983e-008	3.300000e+000	3.280000e+000
2.835000000639160e+000	1.967882e-008	2.148272e-008	3.300000e+000	3.280000e+000
2.835000000651585e+000	1.969124e-008	2.150064e-008	3.300000e+000	3.280000e+000
2.835000000669556e+000	1.970921e-008	2.152654e-008	3.300001e+000	3.280000e+000
2.835000000698767e+000	1.973842e-008	2.156866e-008	3.300002e+000	3.280000e+000
2.835000000754428e+000	1.979408e-008	2.164890e-008	3.300004e+000	3.280000e+000
2.835000000865750e+000	1.990538e-008	2.180937e-008	3.300010e+000	3.280001e+000
2.835000001000000e+000	2.003959e-008	2.200288e-008	3.300022e+000	3.280002e+000
2.835000001049901e+000	2.008948e-008	2.207480e-008	3.300027e+000	3.280002e+000
2.835000001116435e+000	2.015599e-008	2.217069e-008	3.300035e+000	3.280003e+000
2.835000001249505e+000	2.028900e-008	2.236246e-008	3.300053e+000	3.280005e+000
2.835000001515643e+000	2.055497e-008	2.274595e-008	3.300100e+000	3.280009e+000
2.835000002047919e+000	2.108676e-008	2.351271e-008	3.300231e+000	3.280021e+000
2.835000003112472e+000	2.214971e-008	2.504536e-008	3.300617e+000	3.280054e+000
2.835000004353896e+000	2.338818e-008	2.683121e-008	3.301229e+000	3.280102e+000
2.835000005932185e+000	2.496105e-008	2.909939e-008	3.302181e+000	3.280167e+000
2.835000007100499e+000	2.612415e-008	3.077676e-008	3.302974e+000	3.280204e+000
2.835000008649319e+000	2.766448e-008	3.299831e-008	3.304094e+000	3.280216e+000
2.835000009929602e+000	2.893640e-008	3.483283e-008	3.305057e+000	3.280185e+000
2.835000011208459e+000	3.020569e-008	3.666362e-008	3.306035e+000	3.280117e+000
2.835000012675240e+000	3.166000e-008	3.876137e-008	3.307164e+000	3.279996e+000
2.835000014098902e+000	3.307004e-008	4.079533e-008	3.308259e+000	3.279840e+000
2.835000016003180e+000	3.495376e-008	4.351264e-008	3.309712e+000	3.279582e+000
2.835000018692538e+000	3.760956e-008	4.734382e-008	3.311728e+000	3.279133e+000
2.835000021768005e+000	4.064016e-008	5.171585e-008	3.313970e+000	3.278512e+000
2.835000025249603e+000	4.406268e-008	5.665345e-008	3.316421e+000	3.277682e+000
2.835000027247623e+000	4.602284e-008	5.948140e-008	3.317785e+000	3.277149e+000
2.835000028191141e+000	4.694747e-008	6.081542e-008	3.318419e+000	3.276884e+000
2.835000029370656e+000	4.810248e-008	6.248181e-008	3.319201e+000	3.276545e+000
2.835000030708066e+000	4.941090e-008	6.436957e-008	3.320074e+000	3.276152e+000
2.835000031797203e+000	5.047548e-008	6.590554e-008	3.320776e+000	3.275827e+000
2.835000033092881e+000	5.174084e-008	6.773122e-008	3.321599e+000	3.275437e+000
2.835000034074394e+000	5.269860e-008	6.911311e-008	3.322214e+000	3.275139e+000
2.835000035252444e+000	5.384722e-008	7.077043e-008	3.322943e+000	3.274781e+000
2.835000036321896e+000	5.488911e-008	7.227376e-008	3.323597e+000	3.274453e+000
2.835000037689560e+000	5.622035e-008	7.419464e-008	3.324420e+000	3.274033e+000
2.835000039174642e+000	5.766438e-008	7.627833e-008	3.325299e+000	3.273575e+000
2.835000041447390e+000	5.987130e-008	7.946297e-008	3.326609e+000	3.272872e+000
2.835000044925434e+000	6.324161e-008	8.432675e-008	3.328501e+000	3.271791e+000
2.835000048417249e+000	6.661681e-008	8.919801e-008	3.330146e+000	3.270703e+000
2.835000052863450e+000	7.090233e-008	9.538379e-008	3.331349e+000	3.269314e+000
2.835000057849718e+000	7.569230e-008	1.022987e-007	3.330300e+000	3.267753e+000
2.835000062856501e+000	8.048497e-008	1.092186e-007	3.325340e+000	3.266184e+000
2.835000066453945e+000	8.391813e-008	1.141764e-007	3.318844e+000	3.265056e+000
2.835000068528912e+000	8.589439e-008	1.170305e-007	3.313882e+000	3.264405e+000
2.835000069190811e+000	8.652420e-008	1.179402e-007	3.312107e+000	3.264197e+000
2.835000070024488e+000	8.731703e-008	1.190853e-007	3.309734e+000	3.263936e+000
2.835000070307921e+000	8.758648e-008	1.194745e-007	3.308893e+000	3.263847e+000
2.835000070566818e+000	8.783255e-008	1.198299e-007	3.308109e+000	3.263766e+000
2.835000070828755e+000	8.808146e-008	1.201894e-007	3.307301e+000	3.263684e+000
2.835000071120003e+000	8.835818e-008	1.205891e-007	3.306384e+000	3.263592e+000
2.835000071409325e+000	8.863301e-008	1.209861e-007	3.305455e+000	3.263501e+000
2.835000071796802e+000	8.900099e-008	1.215176e-007	3.304183e+000	3.263380e+000
2.835000072180133e+000	8.936494e-008	1.220433e-007	3.302892e+000	3.263260e+000
2.835000072600639e+000	8.976407e-008	1.226199e-007	3.301439e+000	3.263128e+000
2.835000073067218e+000	9.020679e-008	1.232594e-007	3.299783e+000	3.262981e+000
2.835000073574071e+000	9.068756e-008	1.239539e-007	3.297930e+000	3.262822e+000
2.835000074217683e+000	9.129782e-008	1.248355e-007	3.295498e+000	3.262620e+000
2.835000075100719e+000	9.213464e-008	1.260444e-007	3.292019e+000	3.262343e+000
2.835000076238876e+000	9.321247e-008	1.276015e-007	3.287293e+000	3.261986e+000
2.835000077318416e+000	9.423401e-008	1.290774e-007	3.282563e+000	3.261648e+000
2.835000078477809e+000	9.533026e-008	1.306613e-007	3.277218e+000	3.261284e+000
2.835000079586138e+000	9.637740e-008	1.321743e-007	3.271856e+000	3.260936e+000
2.835000080898564e+000	9.761634e-008	1.339646e-007	3.265193e+000	3.260525e+000
2.835000082367117e+000	9.900133e-008	1.359660e-007	3.257344e+000	3.260064e+000
2.835000084207216e+000	1.007348e-007	1.384711e-007	3.246938e+000	3.259487e+000
2.835000086372491e+000	1.027717e-007	1.414151e-007	3.233908e+000	3.258808e+000
2.835000089095765e+000	1.053293e-007	1.451120e-007	3.216369e+000	3.257955e+000
2.835000092428121e+000	1.084526e-007	1.496271e-007	3.193259e+000	3.256910e+000
2.835000096347745e+000	1.121173e-007	1.549259e-007	3.163923e+000	3.255682e+000
2.835000101001082e+000	1.164557e-007	1.611998e-007	3.126343e+000	3.254224e+000
2.835000106455219e+000	1.215240e-007	1.685309e-007	3.078907e+000	3.252517e+000
2.835000112939652e+000	1.275268e-007	1.772159e-007	3.018383e+000	3.250487e+000
2.835000120592743e+000	1.345807e-007	1.874244e-007	2.942099e+000	3.248094e+000
2.835000129713315e+000	1.429462e-007	1.995341e-007	2.845614e+000	3.245244e+000
2.835000140532491e+000	1.528163e-007	2.138253e-007	2.725022e+000	3.241866e+000
2.835000153484255e+000	1.645643e-007	2.308386e-007	2.574120e+000	3.237828e+000
2.835000169008330e+000	1.785634e-007	2.511141e-007	2.386585e+000	3.232993e+000
2.835000187824112e+000	1.954360e-007	2.755524e-007	2.152793e+000	3.227143e+000
2.835000210706661e+000	2.158516e-007	3.051252e-007	1.862537e+000	3.220043e+000
2.835000227039542e+000	2.303699e-007	3.261589e-007	1.652724e+000	3.214985e+000
2.835000232397645e+000	2.351243e-007	3.330478e-007	1.583907e+000	3.213328e+000
2.835000237164711e+000	2.393514e-007	3.391731e-007	1.523274e+000	3.211854e+000
2.835000243475268e+000	2.449437e-007	3.472773e-007	1.444770e+000	3.209903e+000
2.835000248101968e+000	2.490416e-007	3.532163e-007	1.388826e+000	3.208474e+000
2.835000254960334e+000	2.551128e-007	3.620164e-007	1.308858e+000	3.206357e+000
2.835000261284851e+000	2.607084e-007	3.701279e-007	1.238441e+000	3.204406e+000
2.835000268110305e+000	2.667443e-007	3.788788e-007	1.166122e+000	3.202301e+000
2.835000275665490e+000	2.734222e-007	3.885619e-007	1.090514e+000	3.199974e+000
2.835000279541754e+000	2.768472e-007	3.935287e-007	1.053515e+000	3.198780e+000
2.835000282803845e+000	2.797289e-007	3.977079e-007	1.023303e+000	3.197776e+000
2.835000286010941e+000	2.825615e-007	4.018162e-007	9.944100e-001	3.196789e+000
2.835000289460461e+000	2.856077e-007	4.062346e-007	9.642106e-001	3.195728e+000
2.835000293341202e+000	2.890341e-007	4.112048e-007	9.312996e-001	3.194534e+000
2.835000296921979e+000	2.921952e-007	4.157903e-007	9.019095e-001	3.193433e+000
2.835000300672191e+000	2.955053e-007	4.205923e-007	8.721089e-001	3.192281e+000
2.835000304224574e+000	2.986403e-007	4.251406e-007	8.447821e-001	3.191190e+000
2.835000307983163e+000	3.019567e-007	4.299526e-007	8.167986e-001	3.190035e+000
2.835000311766655e+000	3.052947e-007	4.347961e-007	7.895685e-001	3.188874e+000
2.835000315895513e+000	3.089369e-007	4.400813e-007	7.608949e-001	3.187607e+000
2.835000320277520e+000	3.128018e-007	4.456902e-007	7.316149e-001	3.186263e+000
2.835000325212880e+000	3.171541e-007	4.520069e-007	7.000062e-001	3.184749e+000
2.835000330708575e+000	3.219998e-007	4.590403e-007	6.664465e-001	3.183065e+000
2.835000337142456e+000	3.276717e-007	4.672737e-007	6.292477e-001	3.181095e+000
2.835000344708831e+000	3.343409e-007	4.769557e-007	5.882278e-001	3.178779e+000
2.835000354034308e+000	3.425588e-007	4.888877e-007	5.414563e-001	3.175927e+000
2.835000365652546e+000	3.527948e-007	5.037523e-007	4.885552e-001	3.172378e+000
2.835000380398167e+000	3.657828e-007	5.226166e-007	4.291159e-001	3.167878e+000
2.835000398250905e+000	3.815030e-007	5.454545e-007	3.672492e-001	3.162440e+000
2.835000418647289e+000	3.994579e-007	5.715448e-007	3.081261e-001	3.156238e+000
2.835000441021906e+000	4.191484e-007	6.001645e-007	2.550907e-001	3.149448e+000
2.835000464967189e+000	4.402152e-007	6.307923e-007	2.095181e-001	3.142198e+000
2.835000489995015e+000	4.622283e-007	6.628043e-007	1.718061e-001	3.134638e+000
2.835000516375287e+000	4.854246e-007	6.965457e-007	1.407162e-001	3.126689e+000
2.835000543920288e+000	5.096383e-007	7.317766e-007	1.156359e-001	3.118410e+000
2.835000572816414e+000	5.350321e-007	7.687354e-007	9.554213e-002	3.109750e+000
2.835000603023744e+000	5.615697e-007	8.073712e-007	7.968592e-002	3.100722e+000
2.835000634756736e+000	5.894378e-007	8.479583e-007	6.725438e-002	3.091266e+000
2.835000668151252e+000	6.187530e-007	8.906703e-007	5.760353e-002	3.081346e+000
2.835000703558995e+000	6.498205e-007	9.359572e-007	5.014215e-002	3.070863e+000
2.835000741351461e+000	6.829611e-007	9.842942e-007	4.440235e-002	3.059714e+000
2.835000782129031e+000	7.186928e-007	1.036449e-006	3.998652e-002	3.047729e+000
2.835000826614604e+000	7.576353e-007	1.093346e-006	3.658040e-002	3.034708e+000
2.835000851072798e+000	7.790264e-007	1.124628e-006	3.518038e-002	3.027573e+000
2.835000862430894e+000	7.889548e-007	1.139155e-006	3.462058e-002	3.024265e+000
2.835000870119694e+000	7.956738e-007	1.148989e-006	3.426754e-002	3.022028e+000
2.835000877108669e+000	8.017795e-007	1.157928e-006	3.396192e-002	3.019996e+000
2.835000885494312e+000	8.091034e-007	1.168653e-006	3.361217e-002	3.017560e+000
2.835000893211614e+000	8.158415e-007	1.178523e-006	3.330532e-002	3.015319e+000
2.835000900910053e+000	8.225609e-007	1.188370e-006	3.301250e-002	3.013086e+000
2.835000909079071e+000	8.296886e-007	1.198818e-006	3.271521e-002	3.010718e+000
2.835000920627385e+000	8.397603e-007	1.213588e-006	3.231646e-002	3.007374e+000
2.835000932975918e+000	8.505236e-007	1.229382e-006	3.191547e-002	3.003802e+000
2.835000947225600e+000	8.629349e-007	1.247607e-006	3.148188e-002	2.999685e+000
2.835000963274019e+000	8.769003e-007	1.268133e-006	3.102650e-002	2.995055e+000
2.835000982443326e+000	8.935616e-007	1.292650e-006	3.052210e-002	2.989535e+000
2.835001005017868e+000	9.131504e-007	1.321522e-006	2.997482e-002	2.983047e+000
2.835001032336815e+000	9.367997e-007	1.356463e-006	2.936816e-002	2.975214e+000
2.835001064614392e+000	9.646408e-007	1.397745e-006	2.871422e-002	2.965986e+000
2.835001103061608e+000	9.976105e-007	1.446918e-006	2.800409e-002	2.955032e+000
2.835001142225636e+000	1.030891e-006	1.497008e-006	2.733987e-002	2.943915e+000
2.835001179092849e+000	1.061814e-006	1.544160e-006	2.675656e-002	2.933488e+000
2.835001212723071e+000	1.089524e-006	1.587172e-006	2.625203e-002	2.924009e+000
2.835001242033826e+000	1.113116e-006	1.624659e-006	2.582924e-002	2.915772e+000
2.835001266040905e+000	1.131885e-006	1.655363e-006	2.549232e-002	2.909044e+000
2.835001284636676e+000	1.145943e-006	1.679147e-006	2.523588e-002	2.903842e+000
2.835001298610373e+000	1.156124e-006	1.697018e-006	2.504509e-002	2.899940e+000
2.835001310411219e+000	1.164364e-006	1.712111e-006	2.488466e-002	2.896648e+000
2.835001326749012e+000	1.174964e-006	1.733006e-006	2.466226e-002	2.892097e+000
2.835001342137027e+000	1.183842e-006	1.752687e-006	2.445147e-002	2.887818e+000
2.835001361996179e+000	1.193366e-006	1.778086e-006	2.417653e-002	2.882304e+000
2.835001384154939e+000	1.201106e-006	1.806426e-006	2.386566e-002	2.876164e+000
2.835001411798367e+000	1.206183e-006	1.841780e-006	2.347294e-002	2.868523e+000
2.835001445852457e+000	1.205294e-006	1.885333e-006	2.298532e-002	2.859137e+000
2.835001490512286e+000	1.192434e-006	1.942450e-006	2.234799e-002	2.846875e+000
2.835001549570970e+000	1.156489e-006	2.017982e-006	2.152505e-002	2.830741e+000
2.835001634005365e+000	1.072567e-006	2.125967e-006	2.041609e-002	2.807833e+000
2.835001771321585e+000	8.728110e-007	2.301582e-006	1.882176e-002	2.770973e+000
2.835001898828916e+000	6.352882e-007	2.464651e-006	1.757201e-002	2.737180e+000
2.835002022041497e+000	3.736387e-007	2.622224e-006	1.655383e-002	2.704916e+000
2.835002128255062e+000	1.319485e-007	2.758056e-006	1.580438e-002	2.677411e+000
2.835002235270379e+000	-1.196334e-007	2.894912e-006	1.514920e-002	2.649981e+000
2.835002343497589e+000	-3.769288e-007	3.033316e-006	1.457130e-002	2.622527e+000
2.835002491316069e+000	-7.251704e-007	3.222347e-006	1.389260e-002	2.585489e+000
2.835002688137616e+000	-1.171628e-006	3.474038e-006	1.314440e-002	2.536983e+000
2.835002955222024e+000	-1.728611e-006	3.815567e-006	1.234026e-002	2.472613e+000
2.835003229408240e+000	-2.229178e-006	4.166161e-006	1.170053e-002	2.408229e+000
2.835003559265038e+000	-2.727343e-006	4.587915e-006	1.110374e-002	2.332991e+000
2.835003893004917e+000	-3.116713e-006	5.014601e-006	1.063500e-002	2.259262e+000
2.835004272443857e+000	-3.429734e-006	5.499664e-006	1.021626e-002	2.178265e+000
2.835004669310941e+000	-3.627367e-006	6.006936e-006	9.871753e-003	2.096656e+000
2.835005119726131e+000	-3.717748e-006	6.582536e-006	9.565552e-003	2.007737e+000
2.835005595421020e+000	-3.689059e-006	7.190253e-006	9.316563e-003	1.917922e+000
2.835006038154310e+000	-3.571953e-006	7.755603e-006	9.138649e-003	1.837957e+000
2.835006416821522e+000	-3.417298e-006	8.238849e-006	9.019456e-003	1.772230e+000
2.835006756763762e+000	-3.244696e-006	8.672328e-006	8.933377e-003	1.715243e+000
2.835007073945080e+000	-3.060642e-006	9.076340e-006	8.867661e-003	1.663736e+000
2.835007378880419e+000	-2.866741e-006	9.464155e-006	8.815456e-003	1.615684e+000
2.835007697704506e+000	-2.649582e-006	9.868700e-006	8.770369e-003	1.566933e+000
2.835007995880971e+000	-2.435477e-006	1.024577e-005	8.735541e-003	1.522679e+000
2.835008292691121e+000	-2.213649e-006	1.061931e-005	8.706736e-003	1.479875e+000
2.835008572865927e+000	-1.997626e-006	1.096947e-005	8.684047e-003	1.440581e+000
2.835008782527650e+000	-1.832360e-006	1.122925e-005	8.669535e-003	1.411865e+000
2.835008934323660e+000	-1.711017e-006	1.141563e-005	8.660186e-003	1.391436e+000
2.835009041236396e+000	-1.624787e-006	1.154570e-005	8.654130e-003	1.377226e+000
2.835009118296750e+000	-1.562272e-006	1.163861e-005	8.650014e-003	1.367075e+000
2.835009187399760e+000	-1.505971e-006	1.172109e-005	8.646490e-003	1.358036e+000
2.835009283503688e+000	-1.427316e-006	1.183381e-005	8.641835e-003	1.345565e+000
2.835009380799131e+000	-1.347288e-006	1.194493e-005	8.637398e-003	1.333056e+000
2.835009516992967e+000	-1.234642e-006	1.209425e-005	8.631618e-003	1.315740e+000
2.835009644596596e+000	-1.128484e-006	1.222684e-005	8.626630e-003	1.299722e+000
2.835009825860578e+000	-9.767557e-007	1.240221e-005	8.620189e-003	1.277304e+000
2.835010022547428e+000	-8.110061e-007	1.257511e-005	8.613973e-003	1.253417e+000
2.835010301738199e+000	-5.740072e-007	1.279087e-005	8.606349e-003	1.220279e+000
2.835010638518177e+000	-2.858463e-007	1.300960e-005	8.598741e-003	1.181472e+000
2.835011078828899e+000	9.391478e-008	1.323935e-005	8.590901e-003	1.132597e+000
2.835011554812692e+000	5.074485e-007	1.343355e-005	8.584531e-003	1.082043e+000
2.835012013019186e+000	9.077983e-007	1.358363e-005	8.579984e-003	1.035525e+000
2.835012471038985e+000	1.309648e-006	1.371173e-005	8.576607e-003	9.910396e-001
2.835012909163173e+000	1.695210e-006	1.382418e-005	8.574199e-003	9.502923e-001
2.835013349083557e+000	2.083212e-006	1.393518e-005	8.572386e-003	9.110787e-001
2.835013780747539e+000	2.464559e-006	1.404794e-005	8.571047e-003	8.741889e-001
2.835014217064693e+000	2.850491e-006	1.416999e-005	8.570029e-003	8.384333e-001
2.835014650009488e+000	3.233795e-006	1.430201e-005	8.569269e-003	8.044137e-001
2.835015086321163e+000	3.620348e-006	1.444808e-005	8.568691e-003	7.715397e-001
2.835016015273093e+000	4.443971e-006	1.480793e-005	8.567893e-003	7.059962e-001
2.835017154803142e+000	5.454964e-006	1.534492e-005	8.567386e-003	6.332126e-001
2.835017823437509e+000	6.048368e-006	1.570846e-005	8.567223e-003	5.940801e-001
2.835018602037232e+000	6.739465e-006	1.617478e-005	8.567104e-003	5.515739e-001
2.835019479687778e+000	7.518561e-006	1.675248e-005	8.567026e-003	5.073258e-001
2.835020526299877e+000	8.447707e-006	1.750757e-005	8.566977e-003	4.592105e-001
2.835021764065910e+000	9.546598e-006	1.848368e-005	8.566951e-003	4.082034e-001
2.835023316084913e+000	1.092451e-005	1.981774e-005	8.566939e-003	3.522144e-001
2.835025302275627e+000	1.268791e-005	2.167346e-005	8.566936e-003	2.916409e-001
2.835027653840902e+000	1.477570e-005	2.404258e-005	8.566937e-003	2.332958e-001
2.835030267875742e+000	1.709651e-005	2.684458e-005	8.566938e-003	1.821771e-001
2.835032654905803e+000	1.921579e-005	2.952211e-005	8.566939e-003	1.456689e-001
2.835035152614204e+000	2.143332e-005	3.241481e-005	8.566939e-003	1.156276e-001
2.835037455566031e+000	2.347794e-005	3.514524e-005	8.566939e-003	9.381027e-002
2.835040024023380e+000	2.575828e-005	3.824454e-005	8.566939e-003	7.465217e-002
2.835042505338452e+000	2.796125e-005	4.128049e-005	8.566939e-003	6.023055e-002
2.835045282851091e+000	3.042719e-005	4.471564e-005	8.566939e-003	4.775072e-002
2.835047914469887e+000	3.276360e-005	4.799789e-005	8.566939e-003	3.870715e-002
2.835050743476907e+000	3.527525e-005	5.154879e-005	8.566939e-003	3.128097e-002
2.835053413652168e+000	3.764589e-005	5.491663e-005	8.566939e-003	2.595306e-002
2.835056231640084e+000	4.014776e-005	5.848381e-005	8.566939e-003	2.167030e-002
2.835058928511190e+000	4.254209e-005	6.190711e-005	8.566939e-003	1.855863e-002
2.835061727933416e+000	4.502746e-005	6.546794e-005	8.566939e-003	1.610117e-002
2.835064425100459e+000	4.742205e-005	6.890411e-005	8.566939e-003	1.430238e-002
2.835067165436264e+000	4.985497e-005	7.239939e-005	8.566939e-003	1.290884e-002
2.835069801313931e+000	5.219514e-005	7.576443e-005	8.566939e-003	1.188470e-002
2.835072413126254e+000	5.451394e-005	7.910094e-005	8.566939e-003	1.110408e-002
2.835075110734866e+000	5.690891e-005	8.254883e-005	8.566939e-003	1.048474e-002
2.835078131796522e+000	5.959105e-005	8.641172e-005	8.566939e-003	9.960838e-003
2.835081406702851e+000	6.249854e-005	9.060061e-005	8.566939e-003	9.543707e-003
2.835085118789299e+000	6.579416e-005	9.534996e-005	8.566939e-003	9.207691e-003
2.835089201406683e+000	6.941875e-005	1.005745e-004	8.566939e-003	8.955824e-003
2.835093861391697e+000	7.355592e-005	1.065388e-004	8.566939e-003	8.769101e-003
2.835099112617065e+000	7.821798e-005	1.132606e-004	8.566939e-003	8.640814e-003
2.835105250221073e+000	8.366696e-005	1.211176e-004	8.566939e-003	8.556446e-003
2.835112443727113e+000	9.005336e-005	1.303267e-004	8.566939e-003	8.506862e-003
2.835121230922546e+000	9.785460e-005	1.415763e-004	8.566939e-003	8.481278e-003
2.835132207047440e+000	1.075991e-004	1.556284e-004	8.566939e-003	8.471465e-003
2.835147952007441e+000	1.215773e-004	1.757857e-004	8.566939e-003	8.469945e-003
2.835173696683367e+000	1.444330e-004	2.087447e-004	8.566939e-003	8.471909e-003
2.835225186035220e+000	1.901436e-004	2.746611e-004	8.566939e-003	8.473725e-003
2.835328164738927e+000	2.815620e-004	4.064878e-004	8.566939e-003	8.474004e-003
2.835946036961166e+000	8.299937e-004	1.197279e-003	8.566939e-003	8.473803e-003
2.887492298336825e+000	4.606534e-002	6.601427e-002	8.566939e-003	8.473805e-003
2.939038559712483e+000	9.042643e-002	1.290144e-001	8.566939e-003	8.473806e-003
2.990584821088142e+000	1.339133e-001	1.901975e-001	8.566938e-003	8.473807e-003
3.042131082463801e+000	1.765259e-001	2.495638e-001	8.566938e-003	8.473807e-003
3.093677343839460e+000	2.182643e-001	3.071131e-001	8.566938e-003	8.473807e-003
3.145223605215119e+000	2.591284e-001	3.628456e-001	8.566938e-003	8.473806e-003
3.196769866590777e+000	2.991183e-001	4.167611e-001	8.566938e-003	8.473805e-003
3.285198438019339e+000	3.657240e-001	5.051836e-001	8.566938e-003	8.473804e-003
3.373627009447901e+000	4.302142e-001	5.896097e-001	8.566938e-003	8.473804e-003
3.462055580876462e+000	4.925889e-001	6.700393e-001	8.566938e-003	8.473803e-003
3.550484152305024e+000	5.528479e-001	7.464725e-001	8.566937e-003	8.473803e-003
3.638912723733586e+000	6.109914e-001	8.189093e-001	8.566937e-003	8.473803e-003
3.727341295162147e+000	6.670192e-001	8.873497e-001	8.566937e-003	8.473803e-003
3.815769866590709e+000	7.209315e-001	9.517936e-001	8.566936e-003	8.473803e-003
3.962055580876461e+000	8.057303e-001	1.050544e+000	8.566937e-003	8.473803e-003
4.108341295162212e+000	8.863530e-001	1.142560e+000	8.566937e-003	8.473803e-003
4.254627009447964e+000	9.627997e-001	1.227841e+000	8.566937e-003	8.473802e-003
4.400912723733716e+000	1.035070e+000	1.306387e+000	8.566936e-003	8.473802e-003
4.547198438019468e+000	1.103165e+000	1.378198e+000	8.566936e-003	8.473802e-003
4.693484152305220e+000	1.167084e+000	1.443274e+000	8.566936e-003	8.473802e-003
4.839769866590971e+000	1.226826e+000	1.501615e+000	8.566936e-003	8.473801e-003
4.986055580876734e+000	1.283359e+000	1.555615e+000	8.566936e-003	8.473802e-003
5.132341295162497e+000	1.337118e+000	1.605948e+000	8.566936e-003	8.473802e-003
5.278627009448260e+000	1.388103e+000	1.652616e+000	8.566936e-003	8.473801e-003
5.424912723734024e+000	1.436314e+000	1.695618e+000	8.566936e-003	8.473801e-003
5.571198438019787e+000	1.481752e+000	1.734954e+000	8.566936e-003	8.473801e-003
5.717484152305550e+000	1.524416e+000	1.770624e+000	8.566936e-003	8.473801e-003
5.863769866591313e+000	1.564306e+000	1.802629e+000	8.566936e-003	8.473800e-003
6.010055580877076e+000	1.602062e+000	1.832260e+000	8.566935e-003	8.473800e-003
6.156341295162839e+000	1.637972e+000	1.859888e+000	8.566935e-003	8.473800e-003
6.302627009448602e+000	1.672037e+000	1.885513e+000	8.566935e-003	8.473800e-003
6.448912723734366e+000	1.704256e+000	1.909133e+000	8.566935e-003	8.473800e-003
6.595198438020129e+000	1.734629e+000	1.930750e+000	8.566935e-003	8.473800e-003
6.741484152305892e+000	1.763157e+000	1.950364e+000	8.566935e-003	8.473800e-003
6.887769866591655e+000	1.789840e+000	1.967973e+000	8.566935e-003	8.473800e-003
7.034055580877418e+000	1.815100e+000	1.984280e+000	8.566935e-003	8.473800e-003
7.180341295163181e+000	1.839130e+000	1.999488e+000	8.566935e-003	8.473800e-003
7.326627009448944e+000	1.861929e+000	2.013597e+000	8.566935e-003	8.473800e-003
7.472912723734708e+000	1.883498e+000	2.026605e+000	8.566935e-003	8.473800e-003
7.619198438020471e+000	1.903836e+000	2.038515e+000	8.566935e-003	8.473800e-003
7.765484152306234e+000	1.922944e+000	2.049324e+000	8.566935e-003	8.473800e-003
7.911769866591997e+000	1.940821e+000	2.059035e+000	8.566935e-003	8.473800e-003
8.058055580877641e+000	1.957749e+000	2.068028e+000	8.566935e-003	8.473800e-003
8.204341295163285e+000	1.973854e+000	2.076416e+000	8.566935e-003	8.473800e-003
8.350627009448928e+000	1.989137e+000	2.084199e+000	8.566935e-003	8.473800e-003
8.496912723734573e+000	2.003598e+000	2.091376e+000	8.566935e-003	8.473800e-003
8.643198438020216e+000	2.017238e+000	2.097949e+000	8.566935e-003	8.473800e-003
8.789484152305860e+000	2.030055e+000	2.103916e+000	8.566935e-003	8.473800e-003
8.935769866591503e+000	2.042050e+000	2.109278e+000	8.566935e-003	8.473800e-003
9.082055580877137e+000	2.053409e+000	2.114245e+000	8.566935e-003	8.473800e-003
9.228341295162769e+000	2.064218e+000	2.118877e+000	8.566935e-003	8.473800e-003
9.374627009448403e+000	2.074476e+000	2.123176e+000	8.566935e-003	8.473800e-003
9.520912723734035e+000	2.084184e+000	2.127141e+000	8.566935e-003	8.473800e-003
9.667198438019669e+000	2.093342e+000	2.130772e+000	8.566935e-003	8.473800e-003
9.813484152305303e+000	2.101950e+000	2.134069e+000	8.566935e-003	8.473800e-003
9.959769866590936e+000	2.110007e+000	2.137033e+000	8.566935e-003	8.473800e-003
1.010605558087657e+001	2.117638e+000	2.139778e+000	8.566935e-003	8.473800e-003
1.025234129516220e+001	2.124900e+000	2.142338e+000	8.566935e-003	8.473800e-003
1.039862700944784e+001	2.131793e+000	2.144715e+000	8.566935e-003	8.473800e-003
1.054491272373347e+001	2.138317e+000	2.146906e+000	8.566935e-003	8.473800e-003
1.069119843801910e+001	2.144473e+000	2.148914e+000	8.566935e-003	8.473800e-003
1.083748415230474e+001	2.150259e+000	2.150737e+000	8.566935e-003	8.473800e-003
1.098376986659037e+001	2.155676e+000	2.152375e+000	8.566935e-003	8.473800e-003
1.113005558087600e+001	2.160807e+000	2.153893e+000	8.566935e-003	8.473800e-003
1.127634129516163e+001	2.165690e+000	2.155309e+000	8.566935e-003	8.473800e-003
1.142262700944727e+001	2.170325e+000	2.156623e+000	8.566935e-003	8.473800e-003
1.156891272373290e+001	2.174713e+000	2.157835e+000	8.566935e-003	8.473800e-003
1.171519843801853e+001	2.178853e+000	2.158946e+000	8.566935e-003	8.473800e-003
1.186148415230417e+001	2.182745e+000	2.159954e+000	8.566935e-003	8.473800e-003
1.200776986658980e+001	2.186389e+000	2.160860e+000	8.566935e-003	8.473800e-003
1.215405558087543e+001	2.189841e+000	2.161700e+000	8.566935e-003	8.473800e-003
1.230034129516107e+001	2.193126e+000	2.162483e+000	8.566935e-003	8.473800e-003
1.244662700944670e+001	2.196245e+000	2.163210e+000	8.566935e-003	8.473800e-003
1.259291272373233e+001	2.199198e+000	2.163880e+000	8.566935e-003	8.473800e-003
1.273919843801797e+001	2.201984e+000	2.164494e+000	8.566935e-003	8.473800e-003
1.288548415230360e+001	2.204603e+000	2.165052e+000	8.566935e-003	8.473800e-003
1.303176986658923e+001	2.207056e+000	2.165554e+000	8.566935e-003	8.473800e-003
1.317805558087487e+001	2.209380e+000	2.166018e+000	8.566935e-003	8.473800e-003
1.332434129516050e+001	2.211591e+000	2.166451e+000	8.566935e-003	8.473800e-003
1.347062700944613e+001	2.213691e+000	2.166853e+000	8.566935e-003	8.473800e-003
1.361691272373177e+001	2.215678e+000	2.167224e+000	8.566935e-003	8.473800e-003
1.376319843801740e+001	2.217554e+000	2.167564e+000	8.566935e-003	8.473800e-003
1.390948415230303e+001	2.219317e+000	2.167873e+000	8.566935e-003	8.473800e-003
1.405576986658867e+001	2.220968e+000	2.168150e+000	8.566935e-003	8.473800e-003
1.419851702864743e+001	2.222497e+000	2.168401e+000	8.566935e-003	8.473800e-003
1.434126419070619e+001	2.223952e+000	2.168636e+000	8.566935e-003	8.473800e-003
1.448401135276495e+001	2.225336e+000	2.168854e+000	8.566935e-003	8.473800e-003
1.462675851482371e+001	2.226648e+000	2.169055e+000	8.566935e-003	8.473800e-003
1.476950567688248e+001	2.227888e+000	2.169240e+000	8.566935e-003	8.473800e-003
1.491225283894124e+001	2.229055e+000	2.169409e+000	8.566935e-003	8.473800e-003
1.505500000100000e+001	2.230151e+000	2.169561e+000	8.566935e-003	8.473800e-003
1.505500000158300e+001	2.230151e+000	2.169561e+000	8.566935e-003	8.473800e-003
1.505500000158875e+001	2.230151e+000	2.169561e+000	8.566935e-003	8.473800e-003
1.505500000159352e+001	2.230151e+000	2.169561e+000	8.566933e-003	8.473800e-003
1.505500000159755e+001	2.230151e+000	2.169561e+000	8.566931e-003	8.473800e-003
1.505500000160188e+001	2.230151e+000	2.169561e+000	8.566928e-003	8.473800e-003
1.505500000160808e+001	2.230151e+000	2.169561e+000	8.566923e-003	8.473800e-003
1.505500000161845e+001	2.230151e+000	2.169561e+000	8.566911e-003	8.473800e-003
1.505500000163065e+001	2.230151e+000	2.169561e+000	8.566895e-003	8.473800e-003
1.505500000164651e+001	2.230151e+000	2.169561e+000	8.566868e-003	8.473800e-003
1.505500000166370e+001	2.230151e+000	2.169561e+000	8.566833e-003	8.473800e-003
1.505500000168733e+001	2.230151e+000	2.169561e+000	8.566774e-003	8.473799e-003
1.505500000171732e+001	2.230151e+000	2.169561e+000	8.566686e-003	8.473798e-003
1.505500000176288e+001	2.230151e+000	2.169561e+000	8.566523e-003	8.473796e-003
1.505500000181901e+001	2.230151e+000	2.169561e+000	8.566281e-003	8.473793e-003
1.505500000188260e+001	2.230151e+000	2.169561e+000	8.565962e-003	8.473790e-003
1.505500000195847e+001	2.230151e+000	2.169561e+000	8.565532e-003	8.473786e-003
1.505500000200000e+001	2.230151e+000	2.169561e+000	8.565277e-003	8.473783e-003
1.505500000205899e+001	2.230151e+000	2.169561e+000	8.564894e-003	8.473779e-003
1.505500000212640e+001	2.230151e+000	2.169561e+000	8.564436e-003	8.473774e-003
1.505500000226123e+001	2.230151e+000	2.169561e+000	8.563471e-003	8.473764e-003
1.505500000238738e+001	2.230151e+000	2.169561e+000	8.562527e-003	8.473755e-003
1.505500000255905e+001	2.230151e+000	2.169561e+000	8.561200e-003	8.473742e-003
1.505500000272920e+001	2.230151e+000	2.169561e+000	8.559857e-003	8.473729e-003
1.505500000295394e+001	2.230151e+000	2.169561e+000	8.558066e-003	8.473711e-003
1.505500000320162e+001	2.230151e+000	2.169561e+000	8.556080e-003	8.473692e-003
1.505500000354261e+001	2.230151e+000	2.169561e+000	8.553345e-003	8.473665e-003
1.505500000396913e+001	2.230151e+000	2.169561e+000	8.549932e-003	8.473631e-003
1.505500000462884e+001	2.230151e+000	2.169561e+000	8.544683e-003	8.473579e-003
1.505500000536850e+001	2.230151e+000	2.169561e+000	8.538837e-003	8.473520e-003
1.505500000641152e+001	2.230151e+000	2.169561e+000	8.530667e-003	8.473438e-003
1.505500000754413e+001	2.230151e+000	2.169561e+000	8.521890e-003	8.473349e-003
1.505500000895603e+001	2.230151e+000	2.169561e+000	8.511086e-003	8.473237e-003
1.505500001047128e+001	2.230151e+000	2.169561e+000	8.499658e-003	8.473118e-003
1.505500001198158e+001	2.230151e+000	2.169561e+000	8.488435e-003	8.472999e-003
1.505500001353730e+001	2.230151e+000	2.169561e+000	8.477050e-003	8.472876e-003
1.505500001510111e+001	2.230151e+000	2.169561e+000	8.465781e-003	8.472753e-003
1.505500001674610e+001	2.230151e+000	2.169561e+000	8.454114e-003	8.472623e-003
1.505500001846217e+001	2.230151e+000	2.169561e+000	8.442144e-003	8.472488e-003
1.505500002031581e+001	2.230151e+000	2.169561e+000	8.429440e-003	8.472343e-003
1.505500002231398e+001	2.230151e+000	2.169561e+000	8.416004e-003	8.472186e-003
1.505500002453080e+001	2.230151e+000	2.169561e+000	8.401406e-003	8.472011e-003
1.505500002700429e+001	2.230151e+000	2.169561e+000	8.385491e-003	8.471818e-003
1.505500002984519e+001	2.230151e+000	2.169561e+000	8.367686e-003	8.471594e-003
1.505500003315835e+001	2.230151e+000	2.169561e+000	8.347543e-003	8.471335e-003
1.505500003715812e+001	2.230151e+000	2.169561e+000	8.324088e-003	8.471022e-003
1.505500004213348e+001	2.230151e+000	2.169561e+000	8.296174e-003	8.470633e-003
1.505500004865203e+001	2.230151e+000	2.169561e+000	8.261612e-003	8.470125e-003
1.505500005776643e+001	2.230151e+000	2.169561e+000	8.216849e-003	8.469415e-003
1.505500007200099e+001	2.230151e+000	2.169561e+000	8.154425e-003	8.468310e-003
1.505500009930960e+001	2.230151e+000	2.169561e+000	8.056024e-003	8.466203e-003
1.505500015392683e+001	2.230151e+000	2.169561e+000	7.920128e-003	8.462034e-003
1.505500020863619e+001	2.230151e+000	2.169561e+000	7.839806e-003	8.457915e-003
1.505500028682638e+001	2.230151e+000	2.169561e+000	7.778410e-003	8.452118e-003
1.505500037290055e+001	2.230151e+000	2.169561e+000	7.746543e-003	8.445840e-003
1.505500047972716e+001	2.230151e+000	2.169561e+000	7.722527e-003	8.438157e-003
1.505500057455616e+001	2.230151e+000	2.169561e+000	7.696223e-003	8.431383e-003
1.505500065751297e+001	2.230151e+000	2.169561e+000	7.656100e-003	8.425434e-003
1.505500075710143e+001	2.230151e+000	2.169561e+000	7.567511e-003	8.418144e-003
1.505500084680423e+001	2.230151e+000	2.169560e+000	7.451706e-003	8.411373e-003
1.505500088359995e+001	2.230151e+000	2.169560e+000	7.402033e-003	8.408562e-003
1.505500091764009e+001	2.230151e+000	2.169560e+000	7.364076e-003	8.405987e-003
1.505500095402198e+001	2.230151e+000	2.169560e+000	7.343299e-003	8.403341e-003
1.505500099604310e+001	2.230150e+000	2.169560e+000	7.360839e-003	8.400577e-003
1.505500103603960e+001	2.230150e+000	2.169560e+000	7.433134e-003	8.398417e-003
1.505500108966893e+001	2.230150e+000	2.169560e+000	7.636602e-003	8.396588e-003
1.505500112177160e+001	2.230150e+000	2.169560e+000	7.822298e-003	8.396186e-003
1.505500115446646e+001	2.230150e+000	2.169560e+000	8.064738e-003	8.396387e-003
1.505500119407498e+001	2.230150e+000	2.169560e+000	8.435071e-003	8.397519e-003
1.505500124353487e+001	2.230150e+000	2.169560e+000	9.017631e-003	8.400345e-003
1.505500130852183e+001	2.230150e+000	2.169560e+000	9.976665e-003	8.406446e-003
1.505500139540231e+001	2.230150e+000	2.169560e+000	1.157734e-002	8.418594e-003
1.505500148210208e+001	2.230150e+000	2.169560e+000	1.351203e-002	8.434936e-003
1.505500159395970e+001	2.230150e+000	2.169560e+000	1.646269e-002	8.461721e-003
1.505500169006424e+001	2.230150e+000	2.169560e+000	1.937466e-002	8.489500e-003
1.505500180777398e+001	2.230150e+000	2.169560e+000	2.336956e-002	8.529004e-003
1.505500193532041e+001	2.230150e+000	2.169560e+000	2.817748e-002	8.578024e-003
1.505500217642254e+001	2.230150e+000	2.169559e+000	3.841792e-002	8.685932e-003
1.505500248851578e+001	2.230150e+000	2.169559e+000	5.348539e-002	8.850192e-003
1.505500283498762e+001	2.230150e+000	2.169559e+000	7.203481e-002	9.058096e-003
1.505500314981416e+001	2.230150e+000	2.169559e+000	9.011762e-002	9.264954e-003
1.505500342043633e+001	2.230150e+000	2.169559e+000	1.063403e-001	9.453221e-003
1.505500365571733e+001	2.230150e+000	2.169559e+000	1.208154e-001	9.622985e-003
1.505500385383908e+001	2.230150e+000	2.169559e+000	1.332031e-001	9.769435e-003
1.505500404554171e+001	2.230150e+000	2.169559e+000	1.453177e-001	9.913597e-003
1.505500424031091e+001	2.230150e+000	2.169558e+000	1.577221e-001	1.006210e-002
1.505500447313749e+001	2.230150e+000	2.169558e+000	1.726399e-001	1.024180e-002
1.505500472800461e+001	2.230149e+000	2.169558e+000	1.890439e-001	1.044071e-002
1.505500497779249e+001	2.230149e+000	2.169558e+000	2.051644e-001	1.063747e-002
1.505500514396579e+001	2.230149e+000	2.169558e+000	2.159009e-001	1.076919e-002
1.505500534282861e+001	2.230149e+000	2.169558e+000	2.287503e-001	1.092753e-002
1.505500542994588e+001	2.230149e+000	2.169558e+000	2.343779e-001	1.099710e-002
1.505500558131305e+001	2.230149e+000	2.169558e+000	2.441501e-001	1.111826e-002
1.505500572015100e+001	2.230149e+000	2.169558e+000	2.531049e-001	1.122964e-002
1.505500594833824e+001	2.230149e+000	2.169558e+000	2.677987e-001	1.141314e-002
1.505500620600440e+001	2.230149e+000	2.169558e+000	2.843479e-001	1.162091e-002
1.505500642856324e+001	2.230149e+000	2.169558e+000	2.986001e-001	1.180076e-002
1.505500660577658e+001	2.230149e+000	2.169557e+000	3.099178e-001	1.194419e-002
1.505500677635735e+001	2.230149e+000	2.169557e+000	3.207843e-001	1.208240e-002
1.505500695014657e+001	2.230149e+000	2.169557e+000	3.318257e-001	1.222333e-002
1.505500717328992e+001	2.230149e+000	2.169557e+000	3.459572e-001	1.240444e-002
1.505500737981270e+001	2.230149e+000	2.169557e+000	3.589891e-001	1.257219e-002
1.505500747599377e+001	2.230149e+000	2.169557e+000	3.650424e-001	1.265035e-002
1.505500761182363e+001	2.230149e+000	2.169557e+000	3.735738e-001	1.276077e-002
1.505500766925581e+001	2.230149e+000	2.169557e+000	3.771749e-001	1.280747e-002
1.505500775235369e+001	2.230149e+000	2.169557e+000	3.823787e-001	1.287504e-002
1.505500782729935e+001	2.230149e+000	2.169557e+000	3.870653e-001	1.293600e-002
1.505500793712308e+001	2.230149e+000	2.169557e+000	3.939213e-001	1.302534e-002
1.505500808212874e+001	2.230149e+000	2.169557e+000	4.029524e-001	1.314332e-002
1.505500829860426e+001	2.230149e+000	2.169557e+000	4.163894e-001	1.331950e-002
1.505500851635742e+001	2.230149e+000	2.169557e+000	4.298506e-001	1.349676e-002
1.505500870689663e+001	2.230149e+000	2.169557e+000	4.415838e-001	1.365190e-002
1.505500886180189e+001	2.230149e+000	2.169557e+000	4.510912e-001	1.377803e-002
1.505500901132951e+001	2.230149e+000	2.169557e+000	4.602416e-001	1.389981e-002
1.505500916296801e+001	2.230149e+000	2.169557e+000	4.694942e-001	1.402331e-002
1.505500935389669e+001	2.230149e+000	2.169556e+000	4.811052e-001	1.417882e-002
1.505500960749039e+001	2.230149e+000	2.169556e+000	4.964601e-001	1.438538e-002
1.505500983711625e+001	2.230149e+000	2.169556e+000	5.102977e-001	1.457243e-002
1.505501006409905e+001	2.230149e+000	2.169556e+000	5.239143e-001	1.475733e-002
1.505501030638286e+001	2.230149e+000	2.169556e+000	5.383813e-001	1.495469e-002
1.505501052832433e+001	2.230149e+000	2.169556e+000	5.515723e-001	1.513549e-002
1.505501072649401e+001	2.230149e+000	2.169556e+000	5.633011e-001	1.529692e-002
1.505501089413730e+001	2.230149e+000	2.169556e+000	5.731868e-001	1.543348e-002
1.505501104522044e+001	2.230149e+000	2.169556e+000	5.820674e-001	1.555654e-002
1.505501120177478e+001	2.230149e+000	2.169556e+000	5.912411e-001	1.568407e-002
1.505501136928588e+001	2.230149e+000	2.169556e+000	6.010249e-001	1.582051e-002
1.505501160319067e+001	2.230149e+000	2.169556e+000	6.146311e-001	1.601103e-002
1.505501187409087e+001	2.230149e+000	2.169556e+000	6.303090e-001	1.623167e-002
1.505501221688740e+001	2.230149e+000	2.169555e+000	6.500247e-001	1.651085e-002
1.505501253828393e+001	2.230149e+000	2.169555e+000	6.683849e-001	1.677258e-002
1.505501288122580e+001	2.230149e+000	2.169555e+000	6.878434e-001	1.705185e-002
1.505501320378452e+001	2.230149e+000	2.169555e+000	7.060211e-001	1.731449e-002
1.505501354105677e+001	2.230149e+000	2.169555e+000	7.248996e-001	1.758909e-002
1.505501387084141e+001	2.230149e+000	2.169555e+000	7.432327e-001	1.785758e-002
1.505501421698125e+001	2.230149e+000	2.169555e+000	7.623413e-001	1.813936e-002
1.505501456507020e+001	2.230149e+000	2.169555e+000	7.814202e-001	1.842270e-002
1.505501493197235e+001	2.230149e+000	2.169554e+000	8.013816e-001	1.872133e-002
1.505501530909822e+001	2.230149e+000	2.169554e+000	8.217415e-001	1.902825e-002
1.505501571454368e+001	2.230149e+000	2.169554e+000	8.434526e-001	1.935819e-002
1.505501617497342e+001	2.230149e+000	2.169554e+000	8.678864e-001	1.973283e-002
1.505501669110575e+001	2.230149e+000	2.169554e+000	8.949980e-001	2.015274e-002
1.505501729128563e+001	2.230149e+000	2.169554e+000	9.261577e-001	2.064097e-002
1.505501798358557e+001	2.230148e+000	2.169554e+000	9.616150e-001	2.120405e-002
1.505501881233018e+001	2.230148e+000	2.169553e+000	1.003385e+000	2.187797e-002
1.505501981538715e+001	2.230148e+000	2.169553e+000	1.052970e+000	2.269345e-002
1.505502109082177e+001	2.230148e+000	2.169552e+000	1.114513e+000	2.373008e-002
1.505502278030492e+001	2.230148e+000	2.169552e+000	1.193490e+000	2.510273e-002
1.505502522213737e+001	2.230148e+000	2.169551e+000	1.302591e+000	2.708562e-002
1.505502712119031e+001	2.230147e+000	2.169550e+000	1.383088e+000	2.862691e-002
1.505502834117821e+001	2.230146e+000	2.169550e+000	1.432469e+000	2.961668e-002
1.505502945644893e+001	2.230145e+000	2.169549e+000	1.475650e+000	3.052123e-002
1.505503070372193e+001	2.230142e+000	2.169549e+000	1.521289e+000	3.153254e-002
1.505503217206595e+001	2.230136e+000	2.169549e+000	1.570993e+000	3.272270e-002
1.505503365389702e+001	2.230126e+000	2.169548e+000	1.616522e+000	3.392335e-002
1.505503542781483e+001	2.230110e+000	2.169547e+000	1.664971e+000	3.536008e-002
1.505503828788470e+001	2.230069e+000	2.169546e+000	1.730501e+000	3.767516e-002
1.505503931007674e+001	2.230051e+000	2.169546e+000	1.750433e+000	3.850218e-002
1.505503973866696e+001	2.230042e+000	2.169546e+000	1.758288e+000	3.884887e-002
1.505504016786894e+001	2.230033e+000	2.169546e+000	1.765882e+000	3.919602e-002
1.505504037245513e+001	2.230029e+000	2.169546e+000	1.769410e+000	3.936148e-002
1.505504040735851e+001	2.230028e+000	2.169546e+000	1.770007e+000	3.938971e-002
1.505504043045913e+001	2.230027e+000	2.169546e+000	1.770403e+000	3.940839e-002
1.505504046545510e+001	2.230026e+000	2.169546e+000	1.771008e+000	3.943670e-002
1.505504049194756e+001	2.230026e+000	2.169546e+000	1.771470e+000	3.945812e-002
1.505504052246896e+001	2.230025e+000	2.169546e+000	1.772011e+000	3.948281e-002
1.505504055575966e+001	2.230025e+000	2.169546e+000	1.772610e+000	3.950973e-002
1.505504060004132e+001	2.230024e+000	2.169546e+000	1.773422e+000	3.954554e-002
1.505504066326246e+001	2.230022e+000	2.169546e+000	1.774614e+000	3.959667e-002
1.505504074814873e+001	2.230020e+000	2.169545e+000	1.776273e+000	3.966531e-002
1.505504084177757e+001	2.230018e+000	2.169545e+000	1.778177e+000	3.974102e-002
1.505504095230012e+001	2.230016e+000	2.169545e+000	1.780519e+000	3.983040e-002
1.505504108153574e+001	2.230013e+000	2.169545e+000	1.783378e+000	3.993490e-002
1.505504123445698e+001	2.230009e+000	2.169545e+000	1.786914e+000	4.005855e-002
1.505504140983601e+001	2.230006e+000	2.169545e+000	1.791147e+000	4.020035e-002
1.505504161198686e+001	2.230001e+000	2.169545e+000	1.796231e+000	4.036379e-002
1.505504184360185e+001	2.229996e+000	2.169545e+000	1.802278e+000	4.055104e-002
1.505504211005228e+001	2.229990e+000	2.169545e+000	1.809472e+000	4.076645e-002
1.505504241663712e+001	2.229983e+000	2.169545e+000	1.817990e+000	4.101428e-002
1.505504277139071e+001	2.229975e+000	2.169545e+000	1.828078e+000	4.130103e-002
1.505504318389506e+001	2.229966e+000	2.169545e+000	1.840015e+000	4.163442e-002
1.505504366712982e+001	2.229955e+000	2.169544e+000	1.854159e+000	4.202494e-002
1.505504423760593e+001	2.229942e+000	2.169544e+000	1.870942e+000	4.248589e-002
1.505504491744097e+001	2.229927e+000	2.169544e+000	1.890919e+000	4.303513e-002
1.505504573573085e+001	2.229908e+000	2.169544e+000	1.914783e+000	4.369610e-002
1.505504673067699e+001	2.229886e+000	2.169544e+000	1.943396e+000	4.449958e-002
1.505504794882915e+001	2.229858e+000	2.169543e+000	1.977722e+000	4.548304e-002
1.505504943827220e+001	2.229825e+000	2.169543e+000	2.018575e+000	4.668512e-002
1.505505123307620e+001	2.229784e+000	2.169542e+000	2.066169e+000	4.813306e-002
1.505505334564665e+001	2.229737e+000	2.169541e+000	2.119960e+000	4.983652e-002
1.505505578731888e+001	2.229682e+000	2.169540e+000	2.179250e+000	5.180423e-002
1.505505859401002e+001	2.229619e+000	2.169539e+000	2.243776e+000	5.406463e-002
1.505506182851910e+001	2.229546e+000	2.169538e+000	2.313596e+000	5.666761e-002
1.505506557430627e+001	2.229462e+000	2.169537e+000	2.388773e+000	5.967943e-002
1.505506993345311e+001	2.229364e+000	2.169535e+000	2.469163e+000	6.318089e-002
1.505507502914769e+001	2.229249e+000	2.169533e+000	2.554303e+000	6.726915e-002
1.505508101112198e+001	2.229115e+000	2.169531e+000	2.643334e+000	7.206185e-002
1.505508806395775e+001	2.228956e+000	2.169529e+000	2.734947e+000	7.770336e-002
1.505509641823789e+001	2.228768e+000	2.169526e+000	2.827343e+000	8.437306e-002
1.505510636522270e+001	2.228544e+000	2.169523e+000	2.918227e+000	9.229621e-002
1.505511773589698e+001	2.228288e+000	2.169519e+000	3.001327e+000	1.013294e-001
1.505512880268686e+001	2.228039e+000	2.169515e+000	3.064985e+000	1.100966e-001
1.505514045479078e+001	2.227777e+000	2.169511e+000	3.117522e+000	1.193014e-001
1.505515156463136e+001	2.227527e+000	2.169507e+000	3.156658e+000	1.280529e-001
1.505516358056758e+001	2.227257e+000	2.169503e+000	3.189647e+000	1.374910e-001
1.505517509985247e+001	2.226998e+000	2.169499e+000	3.214134e+000	1.465125e-001
1.505518752345533e+001	2.226719e+000	2.169494e+000	3.234522e+000	1.562133e-001
1.505519985922013e+001	2.226441e+000	2.169490e+000	3.249993e+000	1.658157e-001
1.505521408779976e+001	2.226122e+000	2.169485e+000	3.263413e+000	1.768550e-001
1.505522972136809e+001	2.225770e+000	2.169480e+000	3.274118e+000	1.889393e-001
1.505524788709858e+001	2.225362e+000	2.169473e+000	3.282784e+000	2.029219e-001
1.505526883269364e+001	2.224891e+000	2.169466e+000	3.289352e+000	2.189658e-001
1.505529377527073e+001	2.224331e+000	2.169457e+000	3.294122e+000	2.379624e-001
1.505532416627935e+001	2.223649e+000	2.169447e+000	3.297305e+000	2.609497e-001
1.505536273957273e+001	2.222783e+000	2.169433e+000	3.299183e+000	2.898765e-001
1.505541430478636e+001	2.221626e+000	2.169415e+000	3.300057e+000	3.281147e-001
1.505548868473009e+001	2.219958e+000	2.169389e+000	3.300263e+000	3.824143e-001
1.505560908929333e+001	2.217261e+000	2.169347e+000	3.300151e+000	4.682148e-001
1.505584502643064e+001	2.211986e+000	2.169265e+000	3.300016e+000	6.291181e-001
1.505629890994685e+001	2.201872e+000	2.169106e+000	3.299987e+000	9.136693e-001
1.505671684317455e+001	2.192600e+000	2.168956e+000	3.299997e+000	1.148866e+000
1.505687489012114e+001	2.189104e+000	2.168891e+000	3.299999e+000	1.231436e+000
1.505701270312277e+001	2.186060e+000	2.168811e+000	3.300000e+000	1.300763e+000
1.505708098097235e+001	2.184554e+000	2.168752e+000	3.300000e+000	1.334215e+000
1.505715813600614e+001	2.182853e+000	2.168650e+000	3.300000e+000	1.371322e+000
1.505721506078167e+001	2.181598e+000	2.168533e+000	3.300000e+000	1.398232e+000
1.505726204694828e+001	2.180564e+000	2.168393e+000	3.300000e+000	1.420144e+000
1.505730043734982e+001	2.179719e+000	2.168237e+000	3.300000e+000	1.437844e+000
1.505733192189321e+001	2.179026e+000	2.168071e+000	3.300000e+000	1.452222e+000
1.505735724152654e+001	2.178469e+000	2.167906e+000	3.300000e+000	1.463691e+000
1.505737802072483e+001	2.178012e+000	2.167745e+000	3.300000e+000	1.473039e+000
1.505739780012442e+001	2.177577e+000	2.167566e+000	3.300000e+000	1.481883e+000
1.505741727753772e+001	2.177149e+000	2.167363e+000	3.300000e+000	1.490537e+000
1.505743845685970e+001	2.176683e+000	2.167106e+000	3.300000e+000	1.499883e+000
1.505746536031510e+001	2.176092e+000	2.166716e+000	3.300000e+000	1.511655e+000
1.505749609981797e+001	2.175417e+000	2.166167e+000	3.300000e+000	1.524961e+000
1.505751861362828e+001	2.174922e+000	2.165684e+000	3.300000e+000	1.534605e+000
1.505754918852296e+001	2.174251e+000	2.164907e+000	3.300000e+000	1.547590e+000
1.505755228094704e+001	2.174183e+000	2.164821e+000	3.300000e+000	1.548924e+000
1.505755493867659e+001	2.174125e+000	2.164748e+000	3.300000e+000	1.550071e+000
1.505755727514202e+001	2.174074e+000	2.164683e+000	3.300000e+000	1.551079e+000
1.505756479257979e+001	2.173908e+000	2.164474e+000	3.300000e+000	1.554318e+000
1.505757481583016e+001	2.173689e+000	2.164196e+000	3.300000e+000	1.558627e+000
1.505758469787367e+001	2.173472e+000	2.163921e+000	3.300000e+000	1.562865e+000
1.505759840499725e+001	2.173171e+000	2.163540e+000	3.300000e+000	1.568727e+000
1.505761512081895e+001	2.172804e+000	2.163074e+000	3.300000e+000	1.575849e+000
1.505763659354260e+001	2.172333e+000	2.162476e+000	3.300000e+000	1.584954e+000
1.505766236265178e+001	2.171768e+000	2.161758e+000	3.300000e+000	1.595818e+000
1.505769382509021e+001	2.171078e+000	2.160881e+000	3.300000e+000	1.608988e+000
1.505773114241875e+001	2.170260e+000	2.159840e+000	3.300000e+000	1.624475e+000
1.505777516297838e+001	2.169296e+000	2.158612e+000	3.300000e+000	1.642560e+000
1.505782613617882e+001	2.168180e+000	2.157190e+000	3.300000e+000	1.663256e+000
1.505788453222769e+001	2.166902e+000	2.155561e+000	3.300000e+000	1.686645e+000
1.505795052030806e+001	2.165459e+000	2.153721e+000	3.300000e+000	1.712669e+000
1.505802438443553e+001	2.163844e+000	2.151663e+000	3.300000e+000	1.741295e+000
1.505810644086986e+001	2.162052e+000	2.149377e+000	3.300000e+000	1.772485e+000
1.505819729099344e+001	2.160070e+000	2.146848e+000	3.300000e+000	1.806282e+000
1.505829784638481e+001	2.157878e+000	2.144053e+000	3.300000e+000	1.842808e+000
1.505840943170054e+001	2.155448e+000	2.140954e+000	3.300000e+000	1.882283e+000
1.505853379358150e+001	2.152744e+000	2.137504e+000	3.300000e+000	1.925005e+000
1.505867314792746e+001	2.149717e+000	2.133645e+000	3.300000e+000	1.971331e+000
1.505884256820346e+001	2.146043e+000	2.128962e+000	3.300000e+000	2.025531e+000
1.505905757122411e+001	2.141389e+000	2.123033e+000	3.300000e+000	2.091110e+000
1.505933607852357e+001	2.135376e+000	2.115377e+000	3.300000e+000	2.171026e+000
1.505970726073892e+001	2.127388e+000	2.105215e+000	3.300000e+000	2.269330e+000
1.506022115994782e+001	2.116379e+000	2.091224e+000	3.300000e+000	2.391421e+000
1.506096528276488e+001	2.100537e+000	2.071129e+000	3.300000e+000	2.543108e+000
1.506196528276488e+001	2.079435e+000	2.044425e+000	3.300000e+000	2.708104e+000
1.506296528276488e+001	2.058545e+000	2.018064e+000	3.300000e+000	2.836834e+000
1.506396528276488e+001	2.037865e+000	1.992041e+000	3.300000e+000	2.936838e+000
1.506496528276488e+001	2.017392e+000	1.966354e+000	3.300000e+000	3.014367e+000
1.506596528276488e+001	1.997125e+000	1.940997e+000	3.300000e+000	3.074414e+000
1.506696528276487e+001	1.977062e+000	1.915968e+000	3.300000e+000	3.120901e+000
1.506796528276487e+001	1.957200e+000	1.891260e+000	3.300000e+000	3.156880e+000
1.506896528276487e+001	1.937537e+000	1.866872e+000	3.300000e+000	3.184725e+000
1.506996528276487e+001	1.918073e+000	1.842797e+000	3.300000e+000	3.206273e+000
1.507096528276487e+001	1.898803e+000	1.819033e+000	3.300000e+000	3.222948e+000
1.507196528276487e+001	1.879728e+000	1.795576e+000	3.300000e+000	3.235851e+000
1.507296528276487e+001	1.860844e+000	1.772420e+000	3.300000e+000	3.245836e+000
1.507396528276487e+001	1.842149e+000	1.749564e+000	3.300000e+000	3.253563e+000
1.507496528276487e+001	1.823643e+000	1.727002e+000	3.300000e+000	3.259542e+000
1.507596528276487e+001	1.805322e+000	1.704731e+000	3.300000e+000	3.264169e+000
1.507696528276487e+001	1.787186e+000	1.682747e+000	3.300000e+000	3.267750e+000
1.507796528276487e+001	1.769231e+000	1.661047e+000	3.300000e+000	3.270520e+000
1.507896528276487e+001	1.751457e+000	1.639627e+000	3.300000e+000	3.272664e+000
1.507996528276487e+001	1.733862e+000	1.618482e+000	3.300000e+000	3.274323e+000
1.508096528276487e+001	1.716443e+000	1.597611e+000	3.300000e+000	3.275607e+000
1.508196528276487e+001	1.699199e+000	1.577008e+000	3.300000e+000	3.276601e+000
1.508296528276487e+001	1.682129e+000	1.556672e+000	3.300000e+000	3.277369e+000
1.508396528276487e+001	1.665230e+000	1.536597e+000	3.300000e+000	3.277964e+000
1.508496528276486e+001	1.648501e+000	1.516782e+000	3.300000e+000	3.278425e+000
1.508696528276486e+001	1.615545e+000	1.477914e+000	3.300000e+000	3.279057e+000
1.508896528276486e+001	1.583248e+000	1.440042e+000	3.300000e+000	3.279435e+000
1.509196528276486e+001	1.536009e+000	1.385046e+000	3.300000e+000	3.279738e+000
1.509467956847914e+001	1.494557e+000	1.337235e+000	3.300000e+000	3.279831e+000
1.509739385419343e+001	1.454155e+000	1.290947e+000	3.300000e+000	3.279906e+000
1.510010813990771e+001	1.414801e+000	1.246180e+000	3.300000e+000	3.279962e+000
1.510282242562200e+001	1.376496e+000	1.202936e+000	3.300000e+000	3.279999e+000
1.510553671133628e+001	1.339241e+000	1.161213e+000	3.300000e+000	3.280018e+000
1.510825099705057e+001	1.303035e+000	1.121012e+000	3.300000e+000	3.280017e+000
1.511096528276485e+001	1.267878e+000	1.082333e+000	3.300000e+000	3.279998e+000
1.511796528276485e+001	1.182264e+000	9.898775e-001	3.300000e+000	3.279999e+000
1.512496528276484e+001	1.101626e+000	9.039861e-001	3.300000e+000	3.279999e+000
1.513196528276484e+001	1.025961e+000	8.246583e-001	3.300000e+000	3.280000e+000
1.513896528276483e+001	9.552715e-001	7.518943e-001	3.300000e+000	3.280000e+000
1.514596528276483e+001	8.895562e-001	6.856941e-001	3.300000e+000	3.280000e+000
1.515296528276483e+001	8.288154e-001	6.260575e-001	3.300000e+000	3.280000e+000
1.515996528276482e+001	7.730491e-001	5.729848e-001	3.300000e+000	3.280000e+000
1.516696528276482e+001	7.208484e-001	5.240380e-001	3.300000e+000	3.280000e+000
1.517396528276482e+001	6.716808e-001	4.785661e-001	3.300000e+000	3.280000e+000
1.518096528276481e+001	6.255463e-001	4.365691e-001	3.300000e+000	3.280000e+000
1.518796528276481e+001	5.824448e-001	3.980471e-001	3.300000e+000	3.280000e+000
1.519496528276480e+001	5.423765e-001	3.629999e-001	3.300000e+000	3.280000e+000
1.520196528276480e+001	5.053412e-001	3.314277e-001	3.300000e+000	3.280000e+000
1.520896528276480e+001	4.713389e-001	3.033304e-001	3.300000e+000	3.280000e+000
1.521596528276479e+001	4.395108e-001	2.774174e-001	3.300000e+000	3.280000e+000
1.522296528276479e+001	4.095320e-001	2.533441e-001	3.300000e+000	3.280000e+000
1.522996528276478e+001	3.814025e-001	2.311105e-001	3.300000e+000	3.280000e+000
1.523696528276478e+001	3.551224e-001	2.107165e-001	3.300000e+000	3.280000e+000
1.524396528276478e+001	3.306917e-001	1.921622e-001	3.300000e+000	3.280000e+000
1.525096528276477e+001	3.081102e-001	1.754475e-001	3.300000e+000	3.280000e+000
1.525796528276477e+001	2.873782e-001	1.605725e-001	3.300000e+000	3.280000e+000
1.526496528276477e+001	2.679717e-001	1.468540e-001	3.300000e+000	3.280000e+000
1.527196528276476e+001	2.496928e-001	1.341094e-001	3.300000e+000	3.280000e+000
1.527896528276476e+001	2.325416e-001	1.223388e-001	3.300000e+000	3.280000e+000
1.528596528276475e+001	2.165179e-001	1.115422e-001	3.300000e+000	3.280000e+000
1.529296528276475e+001	2.016218e-001	1.017195e-001	3.300000e+000	3.280000e+000
1.529996528276475e+001	1.878534e-001	9.287081e-002	3.300000e+000	3.280000e+000
1.530696528276474e+001	1.752125e-001	8.499607e-002	3.300000e+000	3.280000e+000
1.531410813990759e+001	1.631518e-001	7.759670e-002	3.300000e+000	3.280000e+000
1.532125099705045e+001	1.518036e-001	7.073099e-002	3.300000e+000	3.280000e+000
1.532839385419330e+001	1.411678e-001	6.439893e-002	3.300000e+000	3.280000e+000
1.533553671133615e+001	1.312444e-001	5.860053e-002	3.300000e+000	3.280000e+000
1.534267956847901e+001	1.220336e-001	5.333579e-002	3.300000e+000	3.280000e+000
1.534982242562186e+001	1.135352e-001	4.860470e-002	3.300000e+000	3.280000e+000
1.535696528276471e+001	1.057492e-001	4.440726e-002	3.300000e+000	3.280000e+000
1.536425099705043e+001	9.833215e-002	4.046967e-002	3.300000e+000	3.280000e+000
1.537153671133613e+001	9.136039e-002	3.682046e-002	3.300000e+000	3.280000e+000
1.537882242562185e+001	8.483391e-002	3.345964e-002	3.300000e+000	3.280000e+000
1.538610813990755e+001	7.875272e-002	3.038720e-002	3.300000e+000	3.280000e+000
1.539339385419327e+001	7.311681e-002	2.760314e-002	3.300000e+000	3.280000e+000
1.540067956847897e+001	6.792618e-002	2.510747e-002	3.300000e+000	3.280000e+000
1.540796528276469e+001	6.318084e-002	2.290019e-002	3.300000e+000	3.280000e+000
1.541553671133611e+001	5.858567e-002	2.079634e-002	3.300000e+000	3.280000e+000
1.542310813990753e+001	5.427512e-002	1.885120e-002	3.300000e+000	3.280000e+000
1.543067956847896e+001	5.024918e-002	1.706475e-002	3.300000e+000	3.280000e+000
1.543825099705038e+001	4.650785e-002	1.543700e-002	3.300000e+000	3.280000e+000
1.544582242562181e+001	4.305114e-002	1.396795e-002	3.300000e+000	3.280000e+000
1.545339385419323e+001	3.987904e-002	1.265759e-002	3.300000e+000	3.280000e+000
1.546096528276466e+001	3.699156e-002	1.150594e-002	3.300000e+000	3.280000e+000
1.546910813990751e+001	3.411108e-002	1.037617e-002	3.300000e+000	3.280000e+000
1.547725099705036e+001	3.141972e-002	9.336431e-003	3.300000e+000	3.280000e+000
1.548539385419321e+001	2.891747e-002	8.386725e-003	3.300000e+000	3.280000e+000
1.549353671133607e+001	2.660434e-002	7.527048e-003	3.300000e+000	3.280000e+000
1.550167956847892e+001	2.448033e-002	6.757402e-003	3.300000e+000	3.280000e+000
1.550982242562177e+001	2.254544e-002	6.077785e-003	3.300000e+000	3.280000e+000
1.551796528276462e+001	2.079967e-002	5.488199e-003	3.300000e+000	3.280000e+000
1.552725099705033e+001	1.896987e-002	4.881549e-003	3.300000e+000	3.280000e+000
1.553653671133604e+001	1.727322e-002	4.328127e-003	3.300000e+000	3.280000e+000
1.554582242562175e+001	1.570970e-002	3.827933e-003	3.300000e+000	3.280000e+000
1.555510813990746e+001	1.427931e-002	3.380966e-003	3.300000e+000	3.280000e+000
1.556439385419317e+001	1.298207e-002	2.987226e-003	3.300000e+000	3.280000e+000
1.557367956847888e+001	1.181796e-002	2.646714e-003	3.300000e+000	3.280000e+000
1.558296528276459e+001	1.078699e-002	2.359430e-003	3.300000e+000	3.280000e+000
1.559353671133601e+001	9.718359e-003	2.066941e-003	3.300000e+000	3.280000e+000
1.560410813990743e+001	8.735508e-003	1.802568e-003	3.300000e+000	3.280000e+000
1.561467956847886e+001	7.838439e-003	1.566311e-003	3.300000e+000	3.280000e+000
1.562525099705028e+001	7.027153e-003	1.358169e-003	3.300000e+000	3.280000e+000
1.563582242562170e+001	6.301647e-003	1.178144e-003	3.300000e+000	3.280000e+000
1.564639385419313e+001	5.661924e-003	1.026235e-003	3.300000e+000	3.280000e+000
1.565696528276455e+001	5.107983e-003	9.024414e-004	3.300000e+000	3.280000e+000
1.566896528276454e+001	4.540739e-003	7.776235e-004	3.300000e+000	3.280000e+000
1.568096528276453e+001	4.023451e-003	6.658732e-004	3.300000e+000	3.280000e+000
1.569296528276453e+001	3.556119e-003	5.671905e-004	3.300000e+000	3.280000e+000
1.570496528276452e+001	3.138743e-003	4.815754e-004	3.300000e+000	3.280000e+000
1.571696528276451e+001	2.771323e-003	4.090279e-004	3.300000e+000	3.280000e+000
1.572896528276451e+001	2.453859e-003	3.495480e-004	3.300000e+000	3.280000e+000
1.574096528276450e+001	2.186351e-003	3.031357e-004	3.300000e+000	3.280000e+000
1.575353671133592e+001	1.933298e-003	2.595221e-004	3.300000e+000	3.280000e+000
1.576610813990734e+001	1.703282e-003	2.206151e-004	3.300000e+000	3.280000e+000
1.577867956847877e+001	1.496302e-003	1.864148e-004	3.300000e+000	3.280000e+000
1.579125099705019e+001	1.312360e-003	1.569212e-004	3.300000e+000	3.280000e+000
1.580382242562161e+001	1.151454e-003	1.321341e-004	3.300000e+000	3.280000e+000
1.581639385419303e+001	1.013585e-003	1.120538e-004	3.300000e+000	3.280000e+000
1.582896528276445e+001	8.987529e-004	9.668012e-005	3.300000e+000	3.280000e+000
1.584925099705016e+001	7.429251e-004	7.638322e-005	3.300000e+000	3.280000e+000
1.586953671133586e+001	6.064385e-004	5.897704e-005	3.300000e+000	3.280000e+000
1.588982242562156e+001	4.892932e-004	4.446160e-005	3.300000e+000	3.280000e+000
1.591010813990726e+001	3.914891e-004	3.283690e-005	3.300000e+000	3.280000e+000
1.593039385419297e+001	3.130263e-004	2.410292e-005	3.300000e+000	3.280000e+000
1.595067956847867e+001	2.539047e-004	1.825968e-005	3.300000e+000	3.280000e+000
1.597096528276437e+001	2.141244e-004	1.530717e-005	3.300000e+000	3.280000e+000
1.600167956847869e+001	1.637056e-004	1.109208e-005	3.300000e+000	3.280000e+000
1.603239385419301e+001	1.210593e-004	7.598719e-006	3.300000e+000	3.280000e+000
1.606310813990733e+001	8.618567e-005	4.827105e-006	3.300000e+000	3.280000e+000
1.609382242562164e+001	5.908461e-005	2.777233e-006	3.300000e+000	3.280000e+000
1.612453671133596e+001	3.975615e-005	1.449102e-006	3.300000e+000	3.280000e+000
1.615525099705028e+001	2.820028e-005	8.427137e-007	3.300000e+000	3.280000e+000
1.618596528276460e+001	2.441700e-005	9.580673e-007	3.300000e+000	3.280000e+000
1.623082242562179e+001	1.719594e-005	6.455894e-007	3.300000e+000	3.280000e+000
1.627567956847899e+001	1.126882e-005	3.934243e-007	3.300000e+000	3.280000e+000
1.632053671133619e+001	6.635632e-006	2.015719e-007	3.300000e+000	3.280000e+000
1.636539385419339e+001	3.296382e-006	7.003221e-008	3.300000e+000	3.280000e+000
1.641025099705058e+001	1.251068e-006	-1.194736e-009	3.300000e+000	3.280000e+000
1.645510813990778e+001	4.996896e-007	-1.210895e-008	3.300000e+000	3.280000e+000
1.649996528276498e+001	1.042247e-006	3.728957e-008	3.300000e+000	3.280000e+000
1.655039385419361e+001	7.211544e-007	3.174372e-008	3.300000e+000	3.280000e+000
1.660082242562224e+001	4.597737e-007	2.729871e-008	3.300000e+000	3.280000e+000
1.665125099705088e+001	2.581045e-007	2.395453e-008	3.300000e+000	3.280000e+000
1.670167956847951e+001	1.161468e-007	2.171119e-008	3.300000e+000	3.280000e+000
1.675210813990815e+001	3.390066e-008	2.056868e-008	3.300000e+000	3.280000e+000
1.680253671133678e+001	1.136604e-008	2.052700e-008	3.300000e+000	3.280000e+000
1.685296528276541e+001	4.854295e-008	2.158616e-008	3.300000e+000	3.280000e+000
1.696025099705125e+001	3.692252e-008	2.151842e-008	3.300000e+000	3.280000e+000
1.706753671133710e+001	2.779986e-008	2.146555e-008	3.300000e+000	3.280000e+000
1.717482242562295e+001	2.117495e-008	2.142755e-008	3.300000e+000	3.280000e+000
1.728210813990879e+001	1.704780e-008	2.140442e-008	3.300000e+000	3.280000e+000
1.738939385419464e+001	1.541841e-008	2.139615e-008	3.300000e+000	3.280000e+000
1.749667956848048e+001	1.628677e-008	2.140276e-008	3.300000e+000	3.280000e+000
1.760396528276633e+001	1.965290e-008	2.142423e-008	3.300000e+000	3.280000e+000
1.787696528276666e+001	1.963917e-008	2.142422e-008	3.300000e+000	3.280000e+000
1.802325099705255e+001	1.963878e-008	2.142422e-008	3.300000e+000	3.280000e+000
1.816953671133845e+001	1.963847e-008	2.142422e-008	3.300000e+000	3.280000e+000
1.831582242562434e+001	1.963825e-008	2.142422e-008	3.300000e+000	3.280000e+000
1.846210813991024e+001	1.963812e-008	2.142422e-008	3.300000e+000	3.280000e+000
1.860839385419613e+001	1.963808e-008	2.142422e-008	3.300000e+000	3.280000e+000
1.875467956848202e+001	1.963812e-008	2.142422e-008	3.300000e+000	3.280000e+000
1.890096528276791e+001	1.963824e-008	2.142422e-008	3.300000e+000	3.280000e+000
1.992496528276917e+001	1.963824e-008	2.142422e-008	3.300000e+000	3.280000e+000
1.999500000000000e+001	1.963824e-008	2.142422e-008	3.300000e+000	3.280000e+000
